layout_spectrum: 0.2153598
typography_spectrum: 0.8437164
color:
  saturation: 0.5290011
  lightness: 0.5451128
  brandStrength: 0.4706582
  rhythmicContrast: 0.4108485
name: Europe 2016
